x: 0.00000   0.09091   0.18182   0.27273   0.36364   0.45455   0.54545   0.63636 0.72727   0.81818   0.90909
y: 1.00000   1.20962   1.48685   1.84974   2.31630   2.90458   3.63261   4.51841 5.58002   6.83546   8.30278

